[[[0.00017972 0.00017872 0.00017773 ... 0.00017677 0.00017773 0.00017872]
  [0.00017872 0.00017772 0.00017675 ... 0.00017579 0.00017675 0.00017772]
  [0.00017773 0.00017675 0.00017578 ... 0.00017482 0.00017578 0.00017675]
  ...
  [0.00017677 0.00017579 0.00017482 ... 0.00017388 0.00017482 0.00017579]
  [0.00017773 0.00017675 0.00017578 ... 0.00017482 0.00017578 0.00017675]
  [0.00017872 0.00017772 0.00017675 ... 0.00017579 0.00017675 0.00017772]]

 [[0.00017872 0.00017772 0.00017675 ... 0.00017579 0.00017675 0.00017772]
  [0.00017772 0.00017673 0.00017576 ... 0.00017481 0.00017576 0.00017673]
  [0.00017675 0.00017576 0.0001748  ... 0.00017385 0.0001748  0.00017576]
  ...
  [0.00017579 0.00017481 0.00017385 ... 0.00017291 0.00017385 0.00017481]
  [0.00017675 0.00017576 0.0001748  ... 0.00017385 0.0001748  0.00017576]
  [0.00017772 0.00017673 0.00017576 ... 0.00017481 0.00017576 0.00017673]]

 [[0.00017773 0.00017675 0.00017578 ... 0.00017482 0.00017578 0.00017675]
  [0.00017675 0.00017576 0.0001748  ... 0.00017385 0.0001748  0.00017576]
  [0.00017578 0.0001748  0.00017384 ... 0.0001729  0.00017384 0.0001748 ]
  ...
  [0.00017482 0.00017385 0.0001729  ... 0.00017197 0.0001729  0.00017385]
  [0.00017578 0.0001748  0.00017384 ... 0.0001729  0.00017384 0.0001748 ]
  [0.00017675 0.00017576 0.0001748  ... 0.00017385 0.0001748  0.00017576]]

 ...

 [[0.00017677 0.00017579 0.00017482 ... 0.00017388 0.00017482 0.00017579]
  [0.00017579 0.00017481 0.00017385 ... 0.00017291 0.00017385 0.00017481]
  [0.00017482 0.00017385 0.0001729  ... 0.00017197 0.0001729  0.00017385]
  ...
  [0.00017388 0.00017291 0.00017197 ... 0.00017104 0.00017197 0.00017291]
  [0.00017482 0.00017385 0.0001729  ... 0.00017197 0.0001729  0.00017385]
  [0.00017579 0.00017481 0.00017385 ... 0.00017291 0.00017385 0.00017481]]

 [[0.00017773 0.00017675 0.00017578 ... 0.00017482 0.00017578 0.00017675]
  [0.00017675 0.00017576 0.0001748  ... 0.00017385 0.0001748  0.00017576]
  [0.00017578 0.0001748  0.00017384 ... 0.0001729  0.00017384 0.0001748 ]
  ...
  [0.00017482 0.00017385 0.0001729  ... 0.00017197 0.0001729  0.00017385]
  [0.00017578 0.0001748  0.00017384 ... 0.0001729  0.00017384 0.0001748 ]
  [0.00017675 0.00017576 0.0001748  ... 0.00017385 0.0001748  0.00017576]]

 [[0.00017872 0.00017772 0.00017675 ... 0.00017579 0.00017675 0.00017772]
  [0.00017772 0.00017673 0.00017576 ... 0.00017481 0.00017576 0.00017673]
  [0.00017675 0.00017576 0.0001748  ... 0.00017385 0.0001748  0.00017576]
  ...
  [0.00017579 0.00017481 0.00017385 ... 0.00017291 0.00017385 0.00017481]
  [0.00017675 0.00017576 0.0001748  ... 0.00017385 0.0001748  0.00017576]
  [0.00017772 0.00017673 0.00017576 ... 0.00017481 0.00017576 0.00017673]]](168, 168, 168, 2, 0, 0, 0, 168, 168, 168, (218.4, 218.4, 218.4), (90., 90., 90.), 1, 2, 3, -0.01936764, 0.04574493, 0.00023889, 1, 0, b'\x00\x00\x00\x00\x00\x00\x00\x00', b'', 0, b'\x00\x00\x00\x00\x00\x00\x00\x00\x00\x00\x00\x00\x00\x00\x00\x00\x00\x00\x00\x00\x00\x00\x00\x00\x00\x00\x00\x00\x00\x00\x00\x00\x00\x00\x00\x00\x00\x00\x00\x00\x00\x00\x00\x00\x00\x00\x00\x00\x00\x00\x00\x00\x00\x00\x00\x00\x00\x00\x00\x00\x00\x00\x00\x00\x00\x00\x00\x00\x00\x00\x00\x00\x00\x00\x00\x00\x00\x00\x00\x00\x00\x00\x00\x00', (0., 0., 0.), b'MAP ', [68, 65,  0,  0], 0.00258815, 1, [b'::::EMDATABANK.org::::EMD-10156::::                                             ', b'                                                                                ', b'                                                                                ', b'                                                                                ', b'                                                                                ', b'                                                                                ', b'                                                                                ', b'                                                                                ', b'                                                                                ', b'                                                                                '])